
STRATEGY = two_player_strategy1
    
************** MATCH WITH 2 players **************
AGENTS:
['agent0', 'agent1']

GAME SCORES:
[14, 19, 16, 18, 15, 17, 16, 18, 18, 16, 17, 18, 16, 16, 18, 17, 19, 16, 18, 14, 17, 16, 18, 16, 18, 14, 18, 19, 17, 16, 16, 17, 12, 16, 18, 10, 20, 19, 19, 17, 17, 16, 17, 18, 14, 17, 17, 19, 18, 17, 18, 16, 16, 16, 18, 18, 17, 18, 14, 16, 16, 16, 16, 18, 17, 18, 15, 16, 13, 17, 15, 15, 19, 9, 17, 18, 17, 13, 16, 16, 19, 17, 18, 13, 13, 18, 16, 16, 17, 18, 20, 18, 17, 18, 18, 17, 18, 17, 18, 18]

AVG SCORE:
16.67
    