
STRATEGY = most_info_strategy2

    
************** MATCH WITH 2 players **************
AGENTS:
['agent0', 'agent1']

GAME SCORES:
[20, 17, 14, 14, 17, 16, 17, 17, 15, 16, 17, 13, 18, 19, 16, 18, 16, 17, 18, 18, 18, 16, 17, 14, 16, 20, 17, 15, 12, 18, 18, 16, 16, 15, 15, 19, 20, 20, 18, 16, 19, 17, 20, 18, 17, 18, 13, 17, 19, 17, 17, 17, 16, 18, 18, 18, 14, 17, 17, 19, 16, 15, 15, 17, 19, 17, 14, 17, 18, 13, 16, 17, 18, 16, 15, 17, 16, 17, 20, 20, 12, 19, 17, 17, 14, 18, 18, 10, 18, 20, 17, 16, 20, 15, 15, 17, 17, 19, 15, 17]

AVG SCORE:
16.79
    