
STRATEGY = two_player_strategy2

    
************** MATCH WITH 2 players **************
AGENTS:
['agent0', 'agent1']

GAME SCORES:
[17, 19, 16, 17, 14, 15, 18, 17, 15, 17, 6, 14, 17, 19, 15, 17, 19, 14, 18, 19, 20, 16, 20, 18, 15, 15, 18, 15, 15, 19, 14, 22, 14, 19, 11, 15, 21, 17, 18, 17, 16, 17, 17, 14, 18, 18, 18, 14, 17, 18, 16, 15, 20, 15, 14, 20, 16, 18, 17, 14, 18, 19, 19, 19, 18, 16, 19, 16, 12, 17, 19, 18, 18, 16, 18, 15, 18, 12, 15, 16, 13, 17, 18, 18, 19, 17, 18, 16, 21, 16, 17, 15, 19, 13, 17, 17, 18, 18, 15, 17]

AVG SCORE:
16.71
    