
STRATEGY = my_if_strategy (hint limited at 5 tokens)

    
************** MATCH WITH 2 players **************
AGENTS:
['agent0', 'agent1']

GAME SCORES:
[14, 15, 15, 16, 16, 14, 14, 14, 18, 11, 14, 14, 14, 16, 12, 10, 15, 13, 14, 14, 14, 15, 13, 11, 15, 17, 14, 12, 11, 17, 13, 12, 16, 12, 11, 14, 12, 14, 13, 13, 15, 13, 14, 16, 9, 14, 15, 15, 11, 16, 14, 12, 16, 16, 13, 16, 15, 13, 12, 15, 13, 12, 15, 11, 13, 14, 11, 11, 17, 17, 13, 12, 12, 15, 14, 15, 12, 14, 13, 15, 12, 15, 13, 14, 14, 13, 17, 13, 14, 16, 10, 15, 12, 13, 13, 13, 15, 13, 12, 14]

AVG SCORE:
13.72
    