
STRATEGY = just_hinted_strategy

************** MATCH WITH 2 players **************
AGENTS:
['agent0', 'agent1']

GAME SCORES:
[16, 15, 16, 15, 16, 16, 17, 18, 14, 18, 18, 16, 18, 15, 16, 18, 17, 17, 17, 18, 14, 14, 19, 19, 12, 18, 19, 16, 17, 18, 13, 15, 16, 16, 16, 17, 18, 18, 13, 18, 16, 20, 12, 16, 17, 17, 16, 19, 19, 13, 18, 17, 16, 16, 17, 14, 14, 18, 17, 18, 19, 17, 16, 17, 18, 14, 17, 16, 16, 15, 15, 18, 17, 18, 12, 15, 16, 14, 13, 12, 16, 13, 18, 14, 19, 19, 17, 20, 16, 16, 18, 19, 16, 17, 16, 18, 17, 20, 16, 16]

AVG SCORE:
16.43
    