
STRATEGY = most_info_strategy (hints limited 5)

    
************** MATCH WITH 2 players **************
AGENTS:
['agent0', 'agent1']

GAME SCORES:
[18, 19, 18, 18, 20, 20, 20, 18, 18, 16, 18, 19, 16, 16, 19, 19, 13, 15, 18, 18, 20, 16, 18, 19, 15, 18, 19, 18, 16, 17, 18, 16, 19, 15, 18, 13, 16, 16, 18, 14, 17, 17, 19, 20, 21, 18, 20, 18, 12, 14, 19, 19, 19, 16, 17, 15, 18, 20, 20, 20, 15, 19, 17, 13, 19, 16, 13, 19, 20, 16, 17, 18, 16, 20, 17, 17, 19, 18, 14, 15, 16, 15, 16, 16, 18, 12, 16, 14, 16, 15, 15, 20, 12, 16, 11, 17, 18, 20, 18, 16]

AVG SCORE:
17.09
    