
STRATEGY = two_players_if_strategy (hint limited at 6 tokens)

    
************** MATCH WITH 2 players **************
AGENTS:
['agent0', 'agent1']

GAME SCORES:
[15, 12, 14, 13, 14, 15, 14, 17, 14, 16, 13, 13, 17, 14, 14, 14, 16, 14, 14, 16, 15, 14, 16, 19, 16, 16, 9, 12, 13, 14, 14, 14, 14, 16, 12, 14, 9, 14, 14, 11, 15, 18, 14, 17, 16, 18, 16, 13, 13, 14, 13, 13, 13, 11, 16, 14, 16, 17, 15, 13, 16, 11, 15, 17, 15, 9, 14, 14, 16, 16, 15, 12, 14, 14, 16, 14, 15, 11, 14, 14, 14, 15, 16, 14, 13, 14, 11, 14, 13, 14, 14, 16, 17, 14, 16, 14, 14, 12, 18, 16]

AVG SCORE:
14.31
    