
STRATEGY = just_hinted_strategy (next_player False)

    
************** MATCH WITH 4 players **************
AGENTS:
['agent0', 'agent1', 'agent2', 'agent3']

GAME SCORES:
[17, 15, 14, 15, 15, 15, 14, 14, 16, 16, 15, 15, 16, 16, 15, 16, 15, 16, 15, 14, 15, 14, 15, 14, 14, 15, 14, 16, 15, 14, 15, 16, 15, 14, 15, 14, 13, 13, 15, 16, 15, 14, 14, 14, 17, 14, 14, 17, 15, 15, 13, 16, 16, 15, 13, 16, 15, 15, 15, 15, 15, 15, 14, 14, 14, 15, 17, 15, 12, 13, 16, 14, 14, 14, 16, 16, 15, 15, 12, 15, 17, 15, 15, 18, 15, 15, 16, 17, 16, 15, 14, 16, 17, 16, 15, 15, 15, 17, 15, 15]

AVG SCORE:
14.99
    