
STRATEGY = most_info_strategy2 (next_player False) - hint limited at 4

    
************** MATCH WITH 4 players **************
AGENTS:
['agent0', 'agent1', 'agent2', 'agent3']

GAME SCORES:
[17, 14, 14, 15, 13, 14, 16, 15, 15, 18, 14, 14, 17, 15, 16, 15, 14, 15, 17, 16, 14, 16, 14, 17, 15, 14, 17, 15, 17, 16, 16, 13, 12, 16, 16, 14, 15, 16, 15, 17, 18, 15, 16, 18, 15, 16, 13, 14, 16, 17, 15, 16, 16, 14, 14, 16, 16, 15, 15, 15, 15, 16, 16, 14, 15, 17, 15, 15, 15, 14, 12, 15, 14, 14, 15, 17, 14, 16, 17, 16, 15, 14, 14, 14, 16, 14, 14, 16, 16, 16, 16, 15, 14, 15, 15, 15, 16, 15, 17, 16]

AVG SCORE:
15.24
    