
STRATEGY = two_player_strategy1 (next_player False)

    
************** MATCH WITH 4 players **************
AGENTS:
['agent0', 'agent1', 'agent2', 'agent3']

GAME SCORES:
[16, 13, 15, 14, 17, 15, 14, 15, 16, 14, 15, 15, 16, 14, 16, 14, 13, 15, 15, 15, 14, 16, 18, 14, 16, 14, 15, 17, 14, 15, 14, 15, 17, 17, 16, 17, 19, 16, 16, 15, 17, 18, 14, 14, 15, 16, 15, 14, 15, 15, 15, 15, 15, 17, 15, 14, 16, 14, 15, 15, 15, 14, 18, 14, 17, 19, 16, 14, 14, 13, 16, 15, 15, 17, 16, 16, 13, 15, 15, 14, 14, 17, 15, 15, 15, 17, 13, 16, 16, 16, 14, 13, 17, 16, 17, 16, 15, 14, 17, 16]

AVG SCORE:
15.31
    