
STRATEGY = most_info_strategy (next_player False)

    
************** MATCH WITH 4 players **************
AGENTS:
['agent0', 'agent1', 'agent2', 'agent3']

GAME SCORES:
[15, 15, 15, 16, 16, 16, 15, 15, 15, 17, 14, 16, 16, 16, 15, 14, 18, 14, 16, 15, 16, 15, 14, 17, 17, 18, 14, 16, 15, 14, 18, 15, 17, 13, 16, 15, 16, 17, 16, 16, 16, 14, 16, 16, 16, 14, 16, 14, 17, 16, 14, 15, 14, 14, 13, 15, 17, 15, 16, 15, 15, 15, 15, 16, 15, 15, 14, 15, 17, 16, 14, 16, 15, 17, 14, 18, 15, 16, 17, 16, 16, 16, 15, 16, 16, 15, 17, 15, 15, 17, 14, 15, 16, 17, 16, 17, 16, 16, 17, 15]

AVG SCORE:
15.55
    