
STRATEGY = two_player_strategy3 (next_player True)
    
************** MATCH WITH 4 players **************
AGENTS:
['agent0', 'agent1', 'agent2', 'agent3']

GAME SCORES:
[15, 12, 15, 12, 14, 12, 16, 16, 14, 13, 13, 14, 15, 14, 14, 16, 14, 13, 13, 17, 15, 13, 15, 12, 18, 15, 14, 13, 15, 14, 16, 9, 13, 15, 12, 16, 14, 13, 14, 14, 15, 15, 15, 16, 16, 13, 16, 13, 15, 15, 15, 15, 14, 14, 16, 14, 14, 15, 14, 14, 12, 14, 15, 14, 11, 15, 14, 13, 16, 16, 13, 14, 13, 14, 13, 14, 16, 13, 12, 15, 13, 13, 15, 13, 16, 17, 14, 14, 15, 12, 15, 14, 9, 15, 15, 12, 16, 16, 16, 13]

AVG SCORE:
14.16
    