
STRATEGY = most_info_strategy2 (next_player False) - hint limited at 5

    
************** MATCH WITH 4 players **************
AGENTS:
['agent0', 'agent1', 'agent2', 'agent3']

GAME SCORES:
[15, 14, 15, 14, 16, 15, 15, 17, 16, 14, 16, 16, 14, 15, 14, 15, 15, 14, 16, 17, 15, 16, 16, 14, 14, 15, 17, 15, 16, 17, 15, 17, 15, 14, 17, 17, 16, 17, 14, 14, 15, 16, 13, 17, 16, 17, 15, 15, 16, 16, 14, 16, 17, 14, 14, 13, 17, 17, 14, 15, 16, 15, 16, 16, 17, 14, 17, 13, 15, 14, 16, 14, 14, 16, 15, 14, 17, 17, 13, 16, 15, 14, 16, 17, 16, 15, 19, 14, 15, 18, 15, 16, 15, 16, 17, 15, 15, 15, 13, 16]

AVG SCORE:
15.38
    