
STRATEGY = two_player_strategy2 (next_player False)

    
************** MATCH WITH 4 players **************
AGENTS:
['agent0', 'agent1', 'agent2', 'agent3']

GAME SCORES:
[18, 16, 15, 15, 14, 15, 15, 16, 15, 16, 15, 15, 17, 16, 16, 17, 15, 17, 16, 15, 16, 16, 17, 15, 15, 15, 14, 16, 14, 16, 13, 17, 17, 15, 16, 15, 13, 14, 15, 16, 16, 15, 14, 16, 17, 13, 16, 15, 16, 14, 16, 17, 14, 14, 15, 16, 13, 16, 15, 16, 15, 16, 17, 17, 17, 15, 18, 15, 17, 17, 15, 15, 12, 13, 17, 13, 17, 15, 15, 15, 18, 16, 15, 16, 16, 13, 14, 17, 16, 15, 16, 15, 16, 15, 16, 16, 16, 14, 14, 15]

AVG SCORE:
15.43
    