
STRATEGY = my_if_strategy (hint limited at 6 tokens)

    
************** MATCH WITH 4 players **************
AGENTS:
['agent0', 'agent1', 'agent2', 'agent3']

GAME SCORES:
[10, 11, 10, 11, 14, 13, 9, 14, 14, 11, 11, 14, 14, 12, 12, 14, 11, 11, 14, 10, 12, 9, 11, 14, 14, 12, 12, 14, 12, 12, 14, 12, 14, 12, 12, 13, 14, 10, 13, 12, 11, 14, 13, 9, 12, 9, 13, 11, 14, 11, 12, 11, 13, 13, 12, 12, 12, 10, 11, 12, 11, 14, 10, 11, 12, 13, 12, 11, 10, 12, 13, 14, 12, 11, 13, 15, 8, 12, 14, 10, 13, 13, 11, 12, 14, 11, 10, 12, 13, 14, 13, 13, 13, 12, 11, 10, 13, 10, 12, 14]

AVG SCORE:
12.05
    