
STRATEGY = two_player_strategy1 (next_player True)

    
************** MATCH WITH 4 players **************
AGENTS:
['agent0', 'agent1', 'agent2', 'agent3']

GAME SCORES:
[14, 15, 15, 14, 15, 15, 15, 11, 13, 14, 19, 14, 16, 13, 14, 14, 15, 15, 16, 14, 16, 14, 15, 14, 15, 15, 15, 14, 15, 15, 18, 15, 15, 15, 17, 16, 11, 11, 12, 17, 13, 18, 17, 14, 16, 15, 15, 12, 14, 15, 16, 13, 15, 13, 15, 14, 16, 17, 12, 14, 13, 14, 15, 16, 16, 14, 17, 14, 12, 17, 15, 14, 16, 15, 12, 15, 17, 14, 16, 13, 13, 12, 12, 12, 15, 17, 14, 13, 14, 15, 14, 18, 15, 17, 14, 16, 17, 14, 13, 16]

AVG SCORE:
14.66
    