
STRATEGY = two_player_strategy2 (next_player True)

    
************** MATCH WITH 4 players **************
AGENTS:
['agent0', 'agent1', 'agent2', 'agent3']

GAME SCORES:
[11, 14, 15, 15, 15, 13, 12, 16, 10, 15, 17, 14, 13, 15, 13, 12, 11, 12, 15, 11, 15, 17, 16, 15, 13, 12, 12, 12, 13, 15, 12, 12, 15, 15, 13, 11, 12, 15, 15, 17, 16, 15, 15, 14, 17, 15, 13, 16, 15, 16, 12, 15, 16, 13, 17, 15, 16, 16, 13, 15, 11, 16, 15, 17, 14, 16, 11, 15, 16, 14, 15, 13, 17, 15, 14, 14, 16, 15, 15, 14, 16, 14, 16, 14, 14, 17, 11, 15, 15, 17, 17, 10, 14, 13, 13, 12, 18, 17, 15, 14]

AVG SCORE:
14.31
    