
STRATEGY = most_info_strategy2 (next_player False) - hints limited at 5

    
************** MATCH WITH 3 players **************
AGENTS:
['agent0', 'agent1', 'agent2']

GAME SCORES:
[14, 16, 17, 15, 16, 14, 17, 16, 17, 16, 15, 17, 15, 17, 16, 15, 15, 17, 15, 15, 15, 17, 19, 15, 18, 16, 17, 16, 19, 19, 16, 16, 16, 17, 16, 18, 16, 15, 15, 17, 17, 17, 16, 16, 18, 17, 15, 15, 17, 14, 14, 16, 16, 17, 15, 16, 17, 18, 17, 15, 17, 16, 17, 15, 14, 15, 15, 17, 15, 17, 17, 16, 16, 16, 16, 17, 17, 18, 17, 14, 16, 17, 17, 15, 16, 15, 16, 17, 15, 17, 16, 16, 15, 16, 16, 16, 15, 14, 17, 18]

AVG SCORE:
16.13
    