
STRATEGY = two_player_strategy2 (next_player False)

    
************** MATCH WITH 3 players **************
AGENTS:
['agent0', 'agent1', 'agent2']

GAME SCORES:
[15, 12, 16, 17, 16, 16, 14, 14, 15, 16, 17, 17, 18, 16, 16, 15, 11, 15, 14, 15, 11, 14, 14, 15, 13, 13, 15, 18, 14, 16, 14, 16, 15, 17, 15, 17, 14, 16, 16, 19, 12, 15, 16, 14, 17, 14, 18, 14, 15, 16, 13, 16, 14, 19, 13, 13, 11, 14, 14, 16, 13, 15, 15, 17, 14, 15, 15, 15, 16, 11, 16, 16, 14, 15, 15, 14, 14, 15, 15, 14, 16, 16, 15, 14, 15, 15, 17, 16, 15, 12, 15, 14, 17, 16, 14, 16, 15, 17, 16, 16]

AVG SCORE:
15.02
    