
STRATEGY = my_if_strategy (hint limited at 5 tokens)

    
************** MATCH WITH 3 players **************
AGENTS:
['agent0', 'agent1', 'agent2']

GAME SCORES:
[14, 13, 14, 12, 11, 15, 13, 15, 14, 12, 16, 12, 12, 13, 12, 14, 11, 12, 15, 13, 11, 10, 12, 12, 12, 13, 13, 13, 13, 11, 15, 12, 15, 14, 12, 14, 12, 15, 13, 12, 13, 13, 14, 13, 14, 9, 13, 13, 13, 15, 12, 12, 13, 18, 13, 14, 13, 12, 12, 15, 13, 13, 15, 14, 13, 13, 12, 14, 16, 13, 13, 13, 13, 11, 15, 11, 11, 12, 13, 16, 14, 13, 14, 12, 10, 12, 12, 11, 13, 11, 13, 12, 14, 13, 10, 11, 15, 11, 14, 14]

AVG SCORE:
12.94
    