
STRATEGY = two_player_strategy2 (next_player True)

    
************** MATCH WITH 3 players **************
AGENTS:
['agent0', 'agent1', 'agent2']

GAME SCORES:
[15, 15, 14, 12, 12, 15, 16, 16, 12, 17, 13, 16, 14, 18, 19, 12, 13, 17, 19, 17, 16, 19, 17, 15, 15, 13, 13, 15, 19, 13, 15, 15, 15, 12, 15, 15, 17, 18, 13, 19, 16, 17, 14, 15, 16, 16, 14, 18, 17, 16, 16, 15, 15, 15, 14, 14, 12, 16, 15, 15, 15, 18, 14, 16, 18, 14, 17, 16, 12, 15, 13, 14, 17, 14, 17, 17, 13, 14, 15, 17, 16, 17, 17, 15, 13, 15, 13, 16, 16, 18, 15, 18, 14, 15, 15, 17, 14, 16, 16, 12]

AVG SCORE:
15.31
    