
STRATEGY = my_if_strategy (hint limited at 7 tokens)

    
************** MATCH WITH 3 players **************
AGENTS:
['agent0', 'agent1', 'agent2']

GAME SCORES:
[3, 9, 3, 5, 6, 8, 7, 13, 7, 12, 12, 7, 8, 8, 7, 6, 12, 5, 6, 5, 10, 8, 4, 13, 4, 6, 6, 15, 12, 14, 10, 8, 12, 11, 6, 6, 4, 10, 8, 11, 9, 11, 8, 11, 2, 15, 7, 12, 10, 10, 11, 7, 7, 12, 10, 8, 5, 9, 10, 2, 7, 8, 5, 11, 14, 3, 9, 9, 14, 2, 7, 4, 8, 6, 4, 6, 8, 10, 6, 10, 7, 15, 8, 13, 12, 10, 11, 16, 7, 15, 7, 13, 7, 12, 3, 4, 10, 10, 10, 10]

AVG SCORE:
8.54
