
STRATEGY = two_player_strategy3 (next_player True)

    
************** MATCH WITH 3 players **************
AGENTS:
['agent0', 'agent1', 'agent2']

GAME SCORES:
[15, 14, 14, 13, 16, 15, 16, 17, 12, 14, 14, 16, 14, 17, 15, 16, 16, 17, 15, 16, 15, 15, 14, 16, 13, 17, 17, 11, 15, 14, 19, 18, 15, 16, 15, 14, 14, 15, 17, 17, 16, 17, 13, 14, 14, 16, 15, 16, 14, 15, 15, 17, 16, 16, 16, 12, 17, 15, 13, 10, 13, 17, 17, 13, 15, 16, 15, 16, 17, 16, 17, 19, 13, 15, 18, 13, 16, 15, 17, 14, 16, 13, 14, 15, 12, 14, 14, 15, 16, 17, 17, 15, 14, 15, 13, 15, 14, 16, 15, 17]

AVG SCORE:
15.15
    