
STRATEGY = two_players_if_strategy (hint limited at 6 tokens)

    
************** MATCH WITH 3 players **************
AGENTS:
['agent0', 'agent1', 'agent2']

GAME SCORES:
[14, 15, 16, 13, 13, 15, 13, 13, 15, 14, 15, 14, 16, 13, 12, 13, 12, 13, 12, 16, 12, 11, 15, 15, 14, 16, 13, 11, 10, 15, 11, 13, 16, 15, 16, 11, 15, 13, 15, 11, 13, 12, 13, 12, 13, 9, 14, 15, 14, 14, 16, 15, 11, 13, 11, 11, 12, 15, 11, 16, 14, 13, 17, 11, 14, 13, 10, 11, 15, 15, 14, 18, 15, 15, 16, 14, 14, 13, 12, 16, 16, 11, 11, 13, 14, 13, 10, 14, 15, 13, 12, 14, 13, 14, 14, 15, 12, 13, 11, 14]

AVG SCORE:
13.47
    