
STRATEGY = most_info_strategy (next_player False)

    
************** MATCH WITH 3 players **************
AGENTS:
['agent0', 'agent1', 'agent2']

GAME SCORES:
[15, 17, 15, 16, 18, 15, 16, 16, 16, 17, 16, 17, 15, 17, 13, 17, 15, 14, 17, 19, 15, 16, 16, 16, 15, 17, 15, 15, 16, 16, 16, 16, 15, 17, 16, 17, 15, 16, 16, 15, 14, 17, 14, 16, 16, 14, 17, 16, 18, 17, 17, 16, 14, 18, 15, 16, 16, 15, 16, 18, 17, 19, 15, 14, 15, 16, 18, 15, 14, 15, 16, 16, 15, 17, 15, 14, 16, 16, 17, 17, 16, 17, 16, 15, 15, 17, 16, 18, 17, 15, 15, 15, 15, 16, 15, 18, 15, 19, 15, 14]

AVG SCORE:
15.93
    