
STRATEGY = two_player_strategy1 (next_player True)

    
************** MATCH WITH 3 players **************
AGENTS:
['agent0', 'agent1', 'agent2']

GAME SCORES:
[12, 17, 15, 17, 16, 18, 16, 16, 14, 16, 17, 17, 14, 13, 14, 18, 11, 14, 14, 12, 14, 10, 12, 17, 17, 15, 17, 14, 15, 13, 14, 16, 14, 13, 19, 15, 14, 16, 19, 17, 12, 15, 17, 13, 14, 17, 18, 18, 14, 16, 15, 16, 15, 17, 15, 16, 16, 15, 15, 14, 14, 12, 17, 14, 17, 18, 16, 16, 16, 16, 15, 18, 14, 11, 15, 14, 9, 17, 15, 14, 17, 17, 17, 16, 15, 20, 16, 15, 12, 16, 15, 16, 15, 16, 15, 19, 14, 14, 16, 12]

AVG SCORE:
15.21
    