
STRATEGY = most_info_strategy2 (next_player False) - hints limited at 4

    
************** MATCH WITH 3 players **************
AGENTS:
['agent0', 'agent1', 'agent2']

GAME SCORES:
[17, 15, 16, 16, 15, 17, 14, 14, 17, 18, 15, 15, 20, 13, 16, 16, 15, 14, 16, 15, 17, 14, 17, 16, 16, 17, 16, 16, 16, 15, 16, 18, 15, 19, 17, 15, 16, 16, 16, 17, 17, 15, 14, 17, 16, 16, 14, 16, 17, 15, 16, 15, 17, 16, 14, 17, 17, 18, 15, 17, 16, 16, 16, 13, 17, 15, 14, 15, 16, 13, 17, 14, 15, 17, 15, 18, 17, 16, 14, 17, 16, 15, 18, 16, 16, 18, 15, 14, 16, 17, 17, 16, 14, 17, 16, 15, 16, 17, 17, 16]

AVG SCORE:
15.91
    