
STRATEGY = two_player_strategy1 (next_player False)

    
************** MATCH WITH 3 players **************
AGENTS:
['agent0', 'agent1', 'agent2']

GAME SCORES:
[18, 16, 15, 15, 15, 17, 18, 16, 16, 16, 16, 16, 15, 16, 16, 19, 17, 16, 16, 14, 16, 17, 16, 16, 20, 17, 15, 19, 15, 15, 17, 17, 17, 16, 16, 16, 16, 16, 16, 18, 18, 16, 16, 18, 17, 16, 16, 15, 16, 16, 16, 16, 17, 16, 13, 19, 15, 15, 18, 15, 17, 15, 19, 15, 17, 16, 15, 17, 16, 16, 16, 18, 19, 17, 15, 15, 17, 15, 16, 17, 17, 14, 14, 16, 16, 16, 16, 15, 16, 17, 17, 16, 14, 16, 16, 16, 16, 16, 17, 17]

AVG SCORE:
16.24
    