
STRATEGY = just_hinted_strategy (next_player False)

    
************** MATCH WITH 3 players **************
AGENTS:
['agent0', 'agent1', 'agent2']

GAME SCORES:
[17, 16, 15, 15, 13, 16, 16, 17, 17, 16, 15, 17, 18, 16, 18, 16, 15, 16, 16, 17, 16, 15, 15, 15, 16, 17, 15, 15, 14, 16, 16, 18, 14, 16, 15, 14, 14, 15, 13, 14, 18, 17, 14, 15, 14, 15, 16, 17, 15, 15, 15, 15, 17, 15, 17, 17, 15, 15, 17, 15, 17, 18, 17, 16, 18, 15, 16, 17, 15, 15, 15, 16, 15, 15, 16, 15, 16, 17, 18, 18, 17, 14, 16, 16, 17, 14, 17, 16, 16, 15, 15, 16, 17, 15, 16, 16, 15, 16, 16, 16]

AVG SCORE:
15.8
    