
STRATEGY = two_player_strategy2 (next_player True)
    
************** MATCH WITH 5 players **************
AGENTS:
['agent0', 'agent1', 'agent2', 'agent3', 'agent4']

GAME SCORES:
[11, 16, 14, 13, 14, 13, 11, 11, 14, 16, 15, 13, 14, 14, 13, 9, 15, 14, 12, 12, 15, 15, 12, 12, 13, 12, 14, 15, 14, 12, 13, 17, 11, 14, 11, 11, 13, 13, 15, 13, 14, 14, 13, 14, 12, 13, 12, 13, 13, 14, 15, 15, 12, 12, 14, 14, 16, 14, 16, 14, 14, 13, 11, 16, 13, 13, 13, 13, 12, 15, 14, 13, 16, 14, 12, 15, 14, 15, 12, 15, 13, 18, 12, 10, 13, 12, 10, 14, 13, 15, 14, 12, 15, 14, 13, 14, 15, 14, 15, 11]

AVG SCORE:
13.43
    