
STRATEGY = two_player_strategy1 (next_player False)
    
************** MATCH WITH 5 players **************
AGENTS:
['agent0', 'agent1', 'agent2', 'agent3', 'agent4']

GAME SCORES:
[14, 12, 15, 14, 14, 13, 13, 16, 14, 13, 14, 13, 13, 14, 13, 13, 14, 13, 14, 16, 13, 15, 12, 13, 14, 13, 14, 14, 13, 13, 13, 14, 15, 13, 13, 12, 14, 13, 17, 14, 12, 14, 14, 15, 14, 12, 15, 13, 12, 14, 14, 16, 14, 14, 15, 13, 12, 13, 15, 13, 14, 13, 14, 16, 14, 14, 13, 15, 14, 14, 13, 14, 13, 14, 14, 15, 14, 15, 15, 14, 13, 12, 14, 15, 13, 14, 14, 15, 14, 13, 16, 16, 14, 13, 14, 12, 12, 14, 14, 16]

AVG SCORE:
13.81
    