
STRATEGY = my_if_strategy (hint limited at 6 tokens)

    
************** MATCH WITH 5 players **************
AGENTS:
['agent0', 'agent1', 'agent2', 'agent3', 'agent4']

GAME SCORES:
[11, 13, 14, 11, 11, 11, 14, 11, 11, 13, 12, 14, 13, 9, 10, 9, 11, 13, 12, 9, 11, 14, 9, 9, 12, 9, 14, 13, 10, 13, 9, 11, 15, 11, 12, 12, 11, 12, 11, 13, 14, 10, 11, 12, 7, 11, 12, 12, 10, 11, 11, 10, 10, 12, 13, 14, 12, 10, 12, 13, 13, 12, 11, 12, 14, 15, 13, 13, 10, 13, 10, 6, 10, 15, 9, 11, 14, 12, 13, 9, 12, 12, 11, 10, 11, 12, 13, 11, 11, 13, 10, 9, 10, 14, 13, 14, 11, 15, 12, 11]

AVG SCORE:
11.6
    