
STRATEGY = just_hinted_strategy (next_player False)

    
************** MATCH WITH 5 players **************
AGENTS:
['agent0', 'agent1', 'agent2', 'agent3', 'agent4']

GAME SCORES:
[13, 12, 15, 13, 11, 13, 15, 12, 15, 14, 14, 13, 14, 14, 12, 14, 13, 14, 13, 13, 14, 14, 12, 11, 13, 14, 16, 16, 14, 13, 13, 14, 14, 12, 13, 12, 13, 12, 13, 15, 13, 12, 13, 13, 14, 13, 12, 13, 14, 15, 14, 14, 13, 14, 14, 11, 14, 13, 12, 15, 15, 13, 11, 13, 12, 16, 17, 13, 14, 13, 11, 12, 14, 14, 12, 14, 13, 14, 13, 12, 14, 13, 14, 13, 16, 12, 13, 14, 12, 12, 14, 12, 13, 13, 14, 15, 13, 13, 13, 13]

AVG SCORE:
13.33
    