
STRATEGY = two_player_strategy2 (next_player False)

    
************** MATCH WITH 5 players **************
AGENTS:
['agent0', 'agent1', 'agent2', 'agent3', 'agent4']

GAME SCORES:
[13, 12, 14, 16, 14, 13, 14, 12, 14, 12, 16, 15, 14, 15, 12, 13, 13, 14, 14, 16, 14, 12, 14, 15, 16, 15, 13, 13, 14, 13, 15, 16, 14, 14, 14, 15, 13, 15, 15, 15, 14, 13, 16, 18, 13, 13, 14, 13, 15, 13, 14, 13, 14, 13, 14, 14, 12, 13, 15, 13, 14, 13, 14, 14, 14, 13, 14, 13, 14, 13, 14, 14, 13, 14, 12, 13, 14, 13, 13, 14, 11, 14, 13, 16, 15, 14, 14, 14, 16, 16, 12, 15, 12, 14, 14, 13, 14, 15, 13, 13]

AVG SCORE:
13.86
    