
STRATEGY = most_info_strategy (next_player False)

    
************** MATCH WITH 5 players **************
AGENTS:
['agent0', 'agent1', 'agent2', 'agent3', 'agent4']

GAME SCORES:
[14, 15, 14, 13, 13, 13, 13, 14, 13, 16, 13, 13, 12, 13, 11, 15, 15, 14, 13, 14, 14, 14, 13, 14, 14, 15, 15, 15, 14, 13, 14, 15, 14, 15, 14, 15, 14, 15, 13, 13, 12, 14, 14, 10, 13, 14, 17, 13, 13, 13, 14, 13, 13, 13, 13, 14, 11, 13, 13, 15, 14, 14, 14, 12, 14, 12, 12, 13, 12, 13, 15, 13, 14, 13, 13, 13, 13, 15, 13, 12, 13, 15, 15, 15, 14, 13, 15, 14, 12, 14, 11, 15, 16, 11, 13, 14, 15, 14, 14, 13]

AVG SCORE:
13.59
    