
STRATEGY = most_info_strategy (next_player False) - hints limited at 5

    
************** MATCH WITH 5 players **************
AGENTS:
['agent0', 'agent1', 'agent2', 'agent3', 'agent4']

GAME SCORES:
[15, 13, 14, 11, 12, 14, 14, 14, 16, 13, 12, 13, 14, 14, 14, 15, 14, 13, 13, 14, 16, 16, 12, 15, 15, 12, 15, 16, 15, 14, 15, 15, 12, 13, 15, 15, 13, 13, 13, 15, 14, 14, 13, 15, 14, 11, 14, 14, 14, 15, 15, 13, 15, 15, 14, 14, 15, 14, 13, 13, 12, 15, 12, 13, 15, 15, 14, 16, 14, 15, 14, 15, 14, 14, 16, 14, 13, 15, 13, 13, 13, 14, 12, 13, 14, 13, 12, 10, 14, 14, 14, 13, 13, 13, 14, 12, 13, 14, 12, 14]

AVG SCORE:
13.79
    