
STRATEGY = just_hinted_strategy (next_player True)

    
************** MATCH WITH 5 players **************
AGENTS:
['agent0', 'agent1', 'agent2', 'agent3', 'agent4']

GAME SCORES:
[14, 12, 14, 12, 15, 11, 14, 14, 14, 14, 13, 14, 13, 12, 10, 15, 14, 13, 15, 15, 14, 14, 11, 14, 12, 11, 13, 14, 14, 13, 12, 12, 13, 13, 12, 15, 13, 11, 14, 9, 12, 14, 13, 12, 12, 13, 10, 15, 13, 12, 13, 13, 14, 12, 14, 10, 14, 11, 15, 15, 13, 13, 12, 10, 14, 12, 12, 13, 12, 12, 10, 14, 13, 12, 12, 9, 14, 14, 14, 14, 13, 12, 13, 14, 9, 14, 12, 13, 13, 11, 13, 13, 10, 12, 11, 11, 14, 14, 14, 13]

AVG SCORE:
12.77
    