
STRATEGY = two_player_strategy1 (next_player True)

    
************** MATCH WITH 5 players **************
AGENTS:
['agent0', 'agent1', 'agent2', 'agent3', 'agent4']

GAME SCORES:
[10, 13, 9, 13, 14, 8, 14, 14, 12, 14, 15, 14, 11, 14, 12, 12, 12, 15, 13, 13, 12, 12, 12, 11, 14, 13, 12, 12, 13, 15, 13, 14, 14, 13, 13, 12, 15, 12, 13, 15, 15, 12, 14, 14, 13, 11, 13, 14, 14, 12, 10, 11, 13, 14, 16, 13, 15, 13, 13, 14, 11, 15, 15, 12, 15, 13, 13, 15, 15, 11, 14, 15, 14, 14, 11, 10, 15, 15, 14, 14, 14, 13, 13, 16, 14, 14, 13, 11, 17, 14, 14, 14, 14, 15, 15, 12, 15, 14, 15, 10]

AVG SCORE:
13.24
    